[
  [
    [
      80.00166320800781,
      91.39505004882812,
      336.60174560546875,
      304.5647277832031,
      0.9093084335327148,
      0.0
    ]
  ],
  [
    [
      116.42328643798828,
      100.79629516601562,
      293.98175048828125,
      334.6174621582031,
      0.7629437446594238,
      1.0
    ]
  ],
  [
    [
      83.3362808227539,
      64.56231689453125,
      328.4631652832031,
      365.5177001953125,
      0.8182674646377563,
      1.0
    ]
  ],
  [
    [
      68.68055725097656,
      23.211013793945312,
      305.37530517578125,
      352.00531005859375,
      0.7061399817466736,
      1.0
    ]
  ],
  [
    [
      48.42515563964844,
      95.73419189453125,
      338.9583740234375,
      358.31817626953125,
      0.8274598717689514,
      2.0
    ]
  ],
  [],
  [],
  [],
  [],
  [],
  [],
  [],
  [],
  [],
  [],
  []
]